7.75518
16.2901
14.0553
9.73603
18.728
16.8599
2.51373
1.49668
11.9505
12.0594
12.3435
36.7411
60.1032
0.127714
43.3388
43.1789
3.60216
3.14242
43.6691
1.5928
36.7621
45.389
15.4638
1.15497
1.24754
46.8632
4.87057
24.1301
31.7295
0.203979
35.6557
28.8839
22.3157
48.6726
15.1079
2.61028
5.70178
38.5646
0.360325
12.5364
46.2407
46.4236
32.4413
18.6696
1.8038
13.7757
61.3989
4.61
53.3348
34.5093
53.7262
38.7891
7.88979
28.4612
15.2233
50.2807
16.0383
11.7409
2.4747
10.8247
25.9306
14.0575
6.60283
18.5701
32.7281
11.8472
22.0508
18.5292
39.6779
9.34948
32.1956
19.1901
54.552
18.6596
54.9818
15.8154
7.10169
53.8613
17.5032
18.6391
3.78049
38.5037
14.1507
56.2023
6.60119
26.0723
49.8199
0.810747
56.1851
5.81262
59.2071
2.11153
2.86103
39.5756
15.9546
17.9734
25.6789
9.10653
5.87389
1.70284
18.9806
6.43739
10.0745
8.9952
5.48213
7.75536
17.8496
17.7693
37.1776
18.5989
36.9308
8.44575
41.6821
46.7128
24.9191
5.66081
8.2744
10.256
14.9547
1.59965
2.04409
19.4841
48.1135
55.9647
7.14548
17.621
6.00503
28.9954
1.22099
18.4939
32.6169
14.6625
0.168118
45.607
9.66805
6.72348
10.9136
8.49447
48.1686
18.4445
40.2831
57.964
48.5536
30.7199
16.4586
18.5269
41.5727
16.6034
55.1336
32.4255
11.7611
15.3241
53.4952
12.9002
13.456
5.20638
22.035
6.81152
13.3817
30.023
19.856
18.4439
6.91393
7.00714
11.81
9.36806
7.04891
13.5261
18.126
9.91994
20.6137
38.8086
5.86898
5.70868
14.7346
37.0722
57.8439
10.3902
49.9114
24.1355
14.4687
10.4287
12.8993
53.2475
1.77528
7.78831
12.0342
62.5841
27.2246
26.2351
8.49374
12.5611
2.20361
1.10364
3.42157
51.6726
12.2689
12.5151
26.6082
12.8047
0.514852
8.00705
11.5301
8.3907
41.564
9.81121
12.6913
35.7598
7.31938
57.0666
13.6479
16.0822
30.7954
17.9248
63.7494
9.31485
16.8894
1.03534
41.4322
11.5573
14.7923
59.7492
54.2232
5.2268
17.3632
2.12195
11.233
31.6997
2.75767
42.6091
6.51506
31.4993
10.8439
50.4336
60.3656
58.9047
7.04922
40.71
4.1559
16.7198
50.5489
47.9659
44.6389
49.2807
18.3479
6.72353
47.9093
33.1747
56.4481
2.57261
13.1367
12.9413
2.08694
13.8096
12.3194
42.733
12.1452
51.224
8.64024
6.79979
36.5612
14.6473
8.20526
8.60336
0.951142
4.51296
4.01768
63.2107
11.8583
5.16801
61.699
10.4914
8.21694
18.0492
1.13337
16.1552
37.0846
19.5175
14.8171
8.74637
14.3235
5.56594
34.1364
11.5794
10.3997
39.0199
51.8444
3.86688
7.99107
61.6731
16.2806
4.30396
3.70714
39.5135
16.1716
2.96367
46.9635
5.74575
5.84011
30.6106
44.9842
15.7596
33.1185
59.2453
17.1844
1.14663
38.5551
6.12214
1.61069
0.438844
30.7711
0.656666
29.7175
3.57033
10.3052
14.962
7.66153
52.1953
3.01314
17.6863
57.2632
15.4541
13.487
14.6243
6.14887
12.0178
10.6286
1.82135
13.1822
6.79602
26.7769
15.4412
14.2974
0.713558
60.3796
12.0608
23.4521
60.5679
20.1446
8.76654
2.98975
31.4498
35.6335
11.3154
16.735
42.5342
24.2375
4.5787
5.80017
35.6887
2.28776
2.78403
1.13466
1.26964
10.2258
14.4548
61.2964
27.0502
4.49463
10.3942
5.22214
20.3398
0.105187
13.6137
55.263
21.0537
0.29893
50.2504
12.8521
56.7486
12.7679
2.54265
46.5074
59.0398
8.09487
4.10596
6.27384
62.5378
7.01957
3.61244
14.5966
4.78332
6.47964
10.1058
40.3939
17.7856
8.03631
0.570891
17.8427
3.36622
3.17065
9.15164
60.3641
16.0599
8.99302
50.3932
48.2407
0.206201
29.5181
1.69526
25.8525
6.916
1.61969
63.5249
6.00901
18.4361
16.3055
1.85919
9.67378
0.0752005
59.4098
44.9454
48.3485
13.1549
13.5693
45.4069
51.4566
5.52924
39.8855
17.9328
54.0961
32.2107
0.647958
24.0132
27.6152
15.6194
37.0507
18.3457
7.97871
16.2038
23.011
32.9524
45.5225
9.27773
63.1906
13.7709
11.4072
13.0802
2.66335
14.1636
28.4259
9.09564
50.8868
17.7313
5.23542
2.7154
8.20045
36.4955
33.0196
16.9751
52.9966
36.0207
11.483
27.0616
13.899
13.2604
6.37575
5.85544
34.8854
9.35036
14.8323
7.75968
22.0418
3.98613
10.0522
8.98496
9.78708
32.3552
21.5338
13.9213
31.6657
31.5588
12.0697
2.22806
24.878
12.0825
10.8328
16.8882
42.4107
55.67
4.43422
16.6536
8.63088
43.7261
10.9545
9.90966
29.3374
3.18525
10.7209
18.7177
13.4303
5.84075
41.2852
35.8686
1.32769
23.8806
59.1079
17.7956
13.2373
40.5247
43.799
58.4894
14.2767
9.66871
56.3776
18.0403
44.8472
7.02092
11.9518
4.21744
47.1827
35.5811
45.0013
5.03331
32.8259
52.5429
41.1134
6.68565
16.3418
22.9435
27.5213
23.7616
11.5624
12.5172
57.2774
4.61637
3.52099
12.0621
1.95485
27.4809
48.5225
11.0322
6.07256
51.5969
13.4335
17.2772
3.01768
34.0627
38.1637
9.43117
14.0064
24.6871
3.29809
13.0255
32.6885
17.0731
3.91699
53.5872
60.5398
8.32322
0.851975
27.3742
13.6671
7.92523
2.56706
10.0548
55.2775
16.0439
13.1198
13.6655
54.4143
4.45437
13.1049
49.8847
10.196
7.35141
4.60662
2.97158
3.88331
6.11356
16.2806
21.9212
16.0374
56.9937
2.14205
17.4518
2.62418
25.1623
9.28093
56.0421
11.6525
5.13943
24.6556
8.87491
2.88565
16.319
59.1628
12.4144
61.7027
12.513
3.26268
0.282909
63.7389
6.4891
39.079
10.4095
61.4895
55.8352
58.005
11.274
3.12738
31.3497
13.2258
10.0992
62.3907
52.6156
8.37117
18.5482
2.27945
34.0824
18.465
58.3904
24.2932
55.6835
8.97759
8.56444
43.7967
3.76282
18.2064
4.12284
42.7587
57.2332
16.4452
52.6605
0.903566
41.3371
53.0508
44.3468
17.5612
8.79417
49.7299
62.0516
53.339
23.8186
12.996
7.13687
9.49154
17.4271
13.5699
40.7556
8.75098
25.6249
0.221063
46.4595
14.0516
33.7357
2.42505
31.3014
10.1397
1.12515
41.214
12.2298
30.4911
42.4859
8.7525
6.08439
11.1649
12.3048
3.88428
14.4353
39.5946
28.1626
2.4767
9.77714
11.9437
42.4664
1.76314
9.7729
2.96123
54.3971
3.3511
12.4207
2.49019
51.0203
21.4627
6.69376
26.8509
46.9186
17.1846
16.5706
21.8634
57.3771
0.80308
10.921
43.8389
58.6493
8.3242
29.4811
28.5506
5.01536
58.3423
14.8998
13.2853
15.3563
0.190097
10.0259
47.9724
6.24075
1.79136
54.3353
8.59279
17.2953
7.09751
16.7474
12.7298
7.67009
15.2948
17.1192
2.26342
3.17489
15.3003
55.3671
12.6649
33.4896
0.303156
45.7837
52.2534
3.13649
0.13846
42.1421
36.4266
10.067
15.8997
2.78142
55.9551
53.9734
18.9095
17.8056
38.26
0.176241
57.8011
63.1489
39.7741
5.2409
10.3139
62.7455
58.4304
49.6427
10.2548
7.59198
48.5453
2.98155
61.6005
12.7402
8.63582
1.83586
30.6295
29.003
31.4833
8.81867
50.2242
8.98031
13.5646
9.85827
43.3495
15.8125
3.78947
10.3038
44.5697
51.2787
56.1736
5.82877
18.6942
55.6372
16.7104
31.5714
17.2101
22.0877
60.5347
9.40014
43.1179
18.0307
12.7987
35.8137
10.1768
38.2462
17.7473
50.8818
59.6715
12.9054
13.0734
9.25616
2.4206
18.173
0.81664
9.10953
0.78008
62.9438
16.7284
58.1399
4.59431
16.0179
31.167
7.80625
48.5263
6.0711
15.7737
0.865837
34.61
20.6644
53.9641
4.82158
15.2431
11.768
10.0669
9.89296
38.705
8.60762
17.9982
51.3533
15.8334
14.1697
46.5021
22.8149
25.6029
13.7756
19.0686
56.2511
36.5492
57.9885
31.8894
28.3815
11.0237
29.7077
37.131
52.7391
27.2876
51.0246
35.6058
13.0492
46.9668
7.66433
16.2465
10.7292
56.4064
57.3763
51.0872
5.65898
31.7262
16.5298
45.8921
54.2795
55.8076
25.3946
28.935
6.07964
0.0493366
12.5271
36.2736
13.9149
58.2425
24.7089
38.3654
35.1793
45.4676
15.9904
62.8799
14.343
55.5301
2.55979
1.56488
44.9749
1.58514
15.7689
1.11537
2.46881
17.3172
22.0286
3.76648
44.2164
5.76482
18.7683
12.3009
18.2303
63.2242
31.1175
55.7459
44.2021
45.0279
10.8702
6.83118
36.0838
3.00636
3.52987
47.103
20.1465
12.3501
0.478125
12.0419
19.4605
2.02751
56.1623
0.644108
53.1071
11.1865
7.8569
35.6727
15.309
37.4635
16.9676
32.5037
9.58428
0.74415
23.4916
17.0582
3.72657
5.81612
15.4741
17.0246
15.4436
52.4006
14.9396
5.81187
32.5098
21.919
29.6866
3.77212
8.99749
11.4952
15.5592
17.7699
45.4548
36.6514
40.3257
53.7754
34.1842
15.8342
53.3535
2.49187
11.5508
48.866
5.60761
21.1355
54.3401
18.0753
4.52866
13.7979
29.8804
44.0382
11.1496
1.31222
0.671495
0.0760818
62.265
43.9904
7.03173
7.87521
25.602
48.1938
13.8438
22.5095
40.5108
5.01457
53.456
50.9223
9.84826
43.0253
11.0052
3.63484
30.3646
4.26335
6.72608
13.6014
3.92329
42.3813
42.2556
13.4048
40.2646
15.4702
18.4802
11.7762
45.5047
20.9455
60.9503
22.5337
12.8339
29.2643
13.31
0.489606
1.7614
8.24598
27.3208
10.6121
15.4365
4.06701
9.9685
7.151
0.190399
7.14061
3.1063
7.38898
10.684
14.8304
17.8299
16.2385
8.60571
15.6503
18.9343
37.8047
12.8329
12.0096
46.5074
14.9245
15.1158
48.7236
45.4954
57.1217
61.8406
1.17044
17.1448
63.0321
21.7487
62.5607
39.2257
47.5554
25.507
36.6914
3.54307
60.8898
3.04178
15.6939
34.5667
48.2337
0.394206
3.76354
7.84391
8.58876
56.8951
0.941387
14.9339
7.68348
25.3243
25.3551
12.3733
17.3465
7.18727
50.3296
14.8724
34.0127
27.9292
12.1097
2.03603
9.22163
11.5756
13.0145
13.8433
53.9122
12.1165
36.2633
2.62344
16.3186
2.8979
23.7774
31.5379
15.4218
29.2636
13.4867
15.7858
29.7286
61.3194
4.2389
0.964735
26.6786
5.27692
16.8633
49.8122
10.8098
12.6225
16.2922
52.9993
13.5782
36.8155
47.7428
15.6268
16.8389
2.95995
21.3486
3.57219
22.6951
9.23719
60.4332
11.8248
7.34379
18.5453
18.5211
24.8018
43.5836
19.3966
24.1632
13.3739
7.47406
13.8549
5.64157
23.8657
12.6037
3.39615
7.39557
12.5401
49.6393
9.10837
16.7527
27.2857
15.6731
34.2632
18.6299
46.0616
2.78059
29.5533
22.3262
12.2513
35.3206
39.7819
10.3555
14.3759
8.63318
5.69627
7.14557
5.56598
13.0945
2.31468
62.0059
16.8962
10.5309
15.708
30.6567
62.1076
11.3112
63.0598
15.7153
3.23454
5.73885
21.8396
16.864
9.39512
59.2664
5.5992
16.7819
21.726
12.9332
27.2738
21.6184
5.68242
38.3201
1.73727
25.2904
18.2854
2.13763
0.388769
49.3682
41.1122
3.54275
10.0321
1.93071
2.75168
47.3165
51.9789
2.62483
39.4199
18.127
1.84663
15.912
0.0500217
5.22355
14.7909
11.2344
25.2802
27.992
3.51871
11.5796
8.87939
9.70628
12.7982
35.6712
16.1206
16.0335
12.4202
39.3059
13.9951
6.61243
3.18756
16.4275
4.88122
6.27705
0.800125
54.105
3.98669
50.4815
45.7146
30.1758
10.9504
35.0748
42.2534
43.7021
59.8729
9.44842
43.4493
0.853531
62.1558
9.90869
12.9092
3.27993
50.882
16.9607
5.88785
53.6431
6.52544
5.89038
6.08998
12.4625
1.122
7.727
10.0135
11.8278
11.5627
18.3915
17.0902
10.944
8.12418
12.4115
10.327
8.12649
7.02685
10.0141
41.1979
8.07523
5.71868
2.68262
36.286
11.5511
51.9666
1.16369
11.244
2.83392
4.36412
58.1689
62.8016
61.7742
27.6507
52.8849
21.5916
14.9354
4.01402
0.278622
51.6488
1.26283
12.4695
15.1784
19.0705
7.70949
56.2416
50.7542
14.5971
11.2113
0.0660927
18.3571
47.7138
3.09989
21.0322
55.7791
12.3687
6.8014
43.7527
9.54964
0.753535
13.4848
47.6808
16.8356
34.1228
43.285
18.465
48.0355
3.50073
41.391
1.93571
12.0226
15.3644
14.5343
20.936
2.40187
3.80069
34.7202
28.9703
10.1965
19.356
1.98463
19.7615
15.7238
1.75837
0.536289
13.3171
2.62538
6.34658
16.3292
14.7762
12.484
21.9747
14.4245
10.2589
2.29845
45.9015
10.5319
14.1277
63.9186
48.8244
31.8815
0.51291
5.54862
2.67397
17.2997
44.6557
12.7318
8.08188
7.379
46.3722
16.0549
3.95259
31.0881
29.9446
6.98447
28.869
6.00487
44.4788
11.2911
34.5866
44.8563
28.3772
39.5695
6.89216
7.68941
5.87648
20.86
1.3306
44.8401
18.8203
22.1979
61.5418
38.0855
9.27178
28.8468
7.53765
45.1797
3.89116
45.4318
53.0927
17.696
16.1401
51.8608
44.343
9.92782
20.3991
54.0204
29.8256
26.1516
58.1719
29.6128
20.0265
2.67577
46.4308
15.1913
0.00745832
1.1788
8.2267
3.13435
46.9339
5.68097
8.12189
54.4028
12.6665
4.38865
49.2972
1.14912
2.53941
11.7476
7.44064
10.1432
14.5738
12.4802
61.6458
11.3011
3.47741
2.16619
20.1415
20.2501
1.01356
2.26259
57.7942
44.3534
0.0333698
48.2525
17.5987
42.5366
34.0811
32.6766
15.3065
55.8493
15.9072
17.4887
48.9918
30.264
9.47174
0.79377
55.1155
12.779
6.67773
22.3125
50.1633
63.084
2.68499
10.4198
45.8203
49.8175
39.4536
15.0231
36.6519
9.76146
50.9379
58.5033
13.8434
17.7861
45.9047
15.699
1.3174
16.6121
16.7367
2.99164
34.6393
31.017
18.4616
22.0407
2.38555
11.7628
19.0444
31.6037
19.0674
19.1688
2.61868
8.07591
2.60839
6.65243
39.9224
18.6152
14.6852
28.408
6.59452
55.6873
6.32691
41.4026
62.0937
23.4458
3.03099
11.6794
2.6911
12.8319
2.44674
7.48143
0.466159
11.2335
10.3588
1.1789
0.318545
0.299634
32.8448
32.2915
9.00574
45.3834
40.3945
4.69571
49.5777
36.7132
8.44793
25.0446
7.04798
24.8322
11.2024
0.69692
38.8146
3.28151
59.7612
29.1896
6.16065
51.7263
5.89557
10.2631
14.2272
46.6286
17.0932
61.0979
6.84107
26.0798
27.7654
17.6197
3.88647
4.11599
1.39758
6.71789
17.3562
14.9115
12.9337
32.3938
57.891
17.0282
2.60789
15.2211
14.715
49.7024
61.0513
11.7471
3.87503
16.6147
22.3591
32.2168
3.42586
58.3489
15.758
19.0695
5.00912
53.773
26.2533
14.8653
36.086
0.487376
12.1609
11.1355
1.79363
6.45849
30.2513
2.50873
58.4216
63.1793
24.7343
31.8832
43.4325
52.0993
45.0008
41.2086
30.067
8.77326
32.8458
29.6287
15.7665
9.49256
17.6212
0.792806
29.0217
1.3378
12.3554
54.3014
40.449
18.4059
5.33308
57.5648
58.415
15.7918
6.86881
5.39911
7.85098
3.30426
30.7604
46.5199
25.463
2.80816
5.91685
10.572
15.1371
18.6122
10.6524
15.2869
18.0037
10.0561
1.79103
4.44479
10.2848
2.08384
52.0487
4.64097
37.1833
50.9681
4.07745
18.395
19.171
16.4014
18.0361
17.555
16.2458
17.5696
26.5547
1.50063
20.4893
4.23988
1.21879
14.8
12.6077
46.9365
5.51995
3.18203
36.8596
38.0042
19.1406
10.435
7.72078
8.18754
6.19255
38.8525
25.0412
9.73541
6.86108
26.5559
16.4956
0.491149
44.1048
15.0747
15.2219
1.61096
55.0851
8.66534
48.5997
29.5557
18.3885
12.694
30.1643
2.25161
6.08671
25.9211
26.6738
10.1662
4.0426
54.3262
1.98253
3.2643
25.7225
6.54833
32.5139
26.1335
9.52953
61.9998
17.9089
9.60947
4.41464
32.691
13.6425
30.2096
55.3996
45.9933
1.84713
11.0412
63.3758
10.2298
7.42151
16.2719
28.3606
17.8013
10.934
10.3738
18.2601
3.32465
15.1924
3.70015
10.136
44.5251
9.2998
37.981
12.0133
2.7226
44.8551
1.1353
29.6486
20.3555
32.4224
3.08975
1.00039
58.1765
61.8355
12.2762
5.92506
30.0479
39.9637
14.1518
2.19268
2.65221
26.6585
2.76812
9.37314
29.8333
7.30346
7.47717
26.9633
12.3123
10.061
11.3975
4.44788
29.7936
0.525249
45.0954
12.7753
19.1956
37.7052
10.3136
49.7434
8.49324
31.5411
14.7666
8.75977
25.5339
34.7122
7.49389
14.9119
2.13769
2.87494
17.9809
6.22057
3.70194
13.8947
3.05006
16.3915
50.5887
11.1747
37.0157
49.5685
40.4543
3.49556
1.65168
0.986701
63.3363
8.9692
2.5547
39.4097
56.8851
10.7602
42.6629
17.8087
24.0153
4.6061
49.7658
61.2473
21.8747
10.7728
7.64466
12.2176
20.8534
1.13914
11.7208
30.1802
33.3003
23.0204
4.69348
12.3177
51.9413
27.4071
59.7839
18.4879
0.772694
15.1501
7.02806
6.02453
6.97784
0.625866
63.8141
55.4946
60.2274
4.92897
4.55686
19.4065
55.643
52.7336
23.8842
7.96126
33.2848
6.03669
35.2291
50.0091
36.1508
12.075
25.1135
15.5434
54.5521
18.439
50.6698
59.006
57.9829
58.7061
51.8971
9.51485
9.25739
11.5763
2.85758
23.8013
16.1297
61.8048
18.1452
32.1799
57.2707
0.556994
18.89
5.8693
5.54329
19.0938
22.3826
11.7463
11.6132
12.5537
55.0383
6.60409
60.554
37.1244
24.7002
14.9167
9.79586
16.2386
28.5327
33.8365
25.7361
6.30786
19.9129
62.9957
12.6244
58.6228
11.8813
5.32032
35.6692
5.56065
25.1519
27.9541
12.0773
3.39112
10.7689
17.24
17.4621
6.28435
0.571421
23.762
60.2579
12.7527
27.6372
55.7869
7.00905
18.4685
10.2509
51.8936
4.90163
26.623
7.24456
2.1999
62.932
55.7648
18.4808
7.79749
40.2218
10.8744
53.4679
1.60559
62.9085
48.0912
36.8797
17.2826
0.910209
9.14724
17.7903
44.2791
32.912
8.82792
7.27018
36.6746
60.1348
14.3538
47.3218
4.51291
10.9847
17.192
22.8679
10.0818
22.5433
13.699
46.4721
6.59134
1.86863
40.532
62.0711
53.2525
13.8474
13.0249
2.83913
0.572402
49.7397
25.0712
13.5975
7.10186
32.3285
10.4406
49.4802
9.61985
58.6744
17.2579
30.7656
12.695
32.6121
4.77814
14.5823
47.3628
16.929
28.0925
4.44465
27.0921
51.5378
5.73635
14.6907
12.3721
15.7952
15.4512
7.73338
17.8266
8.94695
11.2503
38.472
9.54957
5.91833
40.8724
52.6687
18.2482
5.91877
18.1755
2.30609
38.6179
36.9072
10.2995
15.4095
56.6468
43.9831
4.87398
41.5971
18.4705
3.2104
10.432
39.0054
16.0272
54.1565
37.6996
2.93872
10.0762
18.1748
41.3588
16.848
24.0451
6.6203
11.0921
55.3016
1.06197
13.0337
57.0995
43.2265
15.0617
43.3032
5.76725
47.5093
2.15663
4.03253
0.505737
42.1905
15.8855
16.914
53.8533
10.1176
8.83765
5.72029
2.28755
1.94831
8.66105
7.6467
2.63004
5.06064
7.09438
37.7718
2.31872
42.4331
1.69644
17.5756
12.2076
34.9798
56.9645
36.458
38.66
40.4564
8.38268
48.8613
3.36921
17.2792
18.5428
60.7819
8.14999
7.18131
3.47466
9.17559
11.1536
6.28904
1.3566
17.5015
4.43675
0.32927
62.6759
48.6453
3.98429
10.1609
50.831
1.4676
30.0623
11.4181
16.4579
6.31808
18.3809
16.2942
1.67364
18.7936
11.2402
8.48744
17.9744
12.2857
21.2111
51.3135
1.33735
29.4557
12.0997
4.32762
47.1004
37.4309
15.5413
18.5028
6.99346
20.1013
10.7488
2.35439
21.3354
2.86631
8.54277
27.5336
15.7801
26.6796
58.0084
42.5551
57.8701
46.9857
51.4957
43.9021
14.3336
9.27738
45.0069
41.6527
18.3821
2.64183
55.0801
13.8602
10.4695
8.88941
7.4198
47.3804
33.0839
25.2723
40.9717
16.9224
1.48898
19.4838
18.163
42.1519
57.1473
32.0938
30.2403
23.617
2.02618
12.7906
52.793
4.74332
59.1896
43.9012
0.362811
20.4701
12.2358
6.41021
39.4748
3.8481
42.3467
3.98501
4.60919
35.1499
10.2898
12.1712
18.8728
32.8662
10.5173
48.5844
18.3815
1.83599
0.888282
1.19948
30.5164
3.20012
22.7452
3.92535
40.7883
26.8874
9.45472
20.8467
2.28331
38.6748
44.4882
17.8887
1.67711
11.7734
63.3121
55.2752
49.1005
35.0292
27.2416
60.5031
0.920683
55.219
5.5095
6.4502
0.82963
46.2561
13.6949
15.1843
32.8294
33.8996
19.1669
12.0235
3.23333
35.4383
14.3008
9.03148
16.2404
18.4228
14.3808
57.0239
14.692
16.3695
10.9351
12.7032
4.31618
4.34108
5.95487
7.81512
14.2144
9.73062
7.45874
12.8289
10.1178
29.4127
9.91279
4.78578
5.19773
27.4418
8.44726
59.9073
62.8009
4.71337
42.8898
12.6026
3.73344
9.62531
56.1537
46.7597
1.62506
11.4097
0.890083
13.0503
45.1129
6.35194
18.5654
18.9609
18.4627
7.1215
1.2091
8.66436
22.2123
5.51741
42.4661
17.545
57.4044
13.712
19.0817
1.23326
58.7899
34.1083
15.2502
14.79
0.348271
59.6703
41.6159
51.7498
17.5334
5.90375
7.78639
10.9917
13.8972
1.19932
15.9732
34.6547
2.82103
24.5685
57.6273
8.47326
42.8825
32.6455
62.2416
18.5009
17.2231
18.3366
5.87946
14.8331
6.37581
0.280336
59.3606
10.9528
56.8703
36.4577
14.64
17.7939
41.0627
39.6952
15.4437
3.36885
13.998
11.5658
53.2036
9.77816
53.9845
46.7532
34.09
44.5685
42.7702
51.2502
15.0967
50.7293
59.3476
13.3952
46.5754
44.1057
17.0289
15.7964
57.6549
17.5037
22.8889
41.3589
0.218272
4.56135
55.953
14.3914
21.9759
9.85897
5.69397
12.0115
24.9686
6.82044
10.9819
17.4792
18.2641
12.507
8.88831
36.6838
61.1145
6.25295
50.7639
14.7185
9.04116
29.2379
47.044
18.728
43.3396
6.1589
24.2808
10.347
1.41546
0.650539
0.426987
8.99474
37.6925
0.631901
10.6538
7.73078
54.5797
10.279
17.4081
39.4019
9.2742
15.2083
4.40106
16.9625
4.55026
14.1766
11.7584
0.431877
62.3337
37.5073
5.13567
40.2352
62.8582
12.0479
21.6871
62.1223
38.9147
8.32795
55.9368
1.59782
44.7964
10.9721
8.8304
18.044
5.71029
18.7266
6.49675
16.743
11.2341
19.973
60.8222
13.3671
9.345
33.6591
2.53553
4.82973
17.7032
14.5012
9.36034
39.3805
0.0962848
51.8377
16.5795
0.900516
40.951
61.7334
8.91197
17.7856
3.55078
9.29915
9.76707
13.5465
2.85689
17.9764
22.9719
54.766
3.77797
10.69
10.5056
58.329
23.1304
13.8467
3.24339
55.5655
18.4373
2.26108
47.5652
13.2188
5.92908
2.35303
18.1307
21.5843
7.91679
17.0722
11.6462
46.5905
25.1212
18.0311
4.43373
22.3349
10.2646
18.0879
11.3899
10.4626
0.961962
39.7197
25.6069
53.7348
60.3165
40.2181
9.10183
36.1009
12.36
62.0206
38.9346
16.6371
17.3948
16.5325
15.3914
3.78643
9.95361
16.5828
52.8465
12.442
4.69634
16.7794
10.117
10.3793
62.0229
5.65877
51.7683
13.1428
32.3738
47.5921
5.15999
12.6756
14.4531
0.561734
10.6767
56.2741
9.42918
19.4515
57.3157
57.4334
13.999
6.94977
6.88151
0.541246
18.5066
3.87415
12.1129
46.9656
26.1439
2.37905
19.8076
12.5652
14.8819
34.7641
14.1791
15.8152
12.35
13.5477
6.18033
0.409772
16.0371
47.493
3.0018
24.9078
16.3555
34.3306
33.4002
56.9796
1.8909
17.2733
11.5518
26.3322
7.01595
59.7169
2.27056
1.70941
20.8181
9.44255
60.2339
56.9189
18.5939
18.5407
5.71315
17.6951
10.4887
52.6156
17.8715
37.7213
9.80368
63.0951
4.37368
23.1836
16.4146
13.8298
62.9309
6.88286
51.5727
45.8915
11.463
9.1577
17.285
18.6148
40.6286
24.2373
21.457
50.8841
35.6911
7.86908
17.0127
55.3937
23.4064
44.5862
20.7173
1.35683
27.7586
19.1857
51.4544
34.9002
16.33
5.09762
12.2824
32.1067
34.2857
27.1689
44.1263
38.2681
19.027
13.7342
43.3919
5.12259
4.66905
15.8526
45.5507
13.8782
18.2487
59.184
13.6407
33.7181
18.2537
2.5938
2.66796
14.4242
35.8273
17.5655
18.162
10.9712
61.0059
0.269841
8.57996
17.0016
51.1185
60.0291
3.40968
18.6034
16.8246
19.1575
37.4923
38.887
3.73155
22.3975
42.703
6.58338
9.18522
48.6139
56.2463
12.6198
12.186
5.77697
51.7769
0.233333
0.585438
59.4573
35.9955
46.5284
27.9956
18.3466
18.591
20.9204
7.46267
7.29158
8.52062
13.4746
22.2927
18.6245
6.87748
10.2832
47.3463
59.3182
24.6978
17.8497
27.525
17.2824
46.6844
63.2456
35.7969
5.01366
11.3644
16.633
24.2774
47.3355
45.6051
40.7749
16.0549
20.1513
3.9673
17.1975
16.2109
13.9795
56.683
32.9146
24.9797
62.3873
30.7443
27.6584
40.4452
9.15121
37.257
4.48188
8.23361
3.80569
51.9898
10.9583
11.5852
1.71974
9.1859
9.27818
6.08345
52.4114
6.4721
11.7492
28.4891
16.6424
3.68137
61.8651
47.8111
8.00367
1.04408
7.23549
2.6627
13.3349
16.9777
15.9222
9.4835
11.885
3.12633
41.2014
60.5129
4.06618
7.09797
53.6923
3.25228
15.4841
18.5274
25.7281
13.595
14.908
46.9347
11.8862
14.5138
22.743
3.72409
6.53069
25.5707
39.4955
43.1433
14.4273
55.2383
24.4657
17.0963
37.7378
9.18731
28.9066
19.1731
45.8588
3.3805
0.755804
63.0989
48.1757
57.6847
5.15177
0.0926067
12.8275
60.412
49.0229
19.7743
14.8461
5.72698
55.9695
23.4675
7.77873
58.8581
1.01694
16.9143
15.1314
6.97609
10.3919
9.34333
57.2876
16.8708
12.885
33.702
30.9073
18.4879
1.33844
16.8855
3.25882
17.1183
5.2659
3.95996
62.7924
49.8011
17.7879
49.6764
13.3012
38.2712
7.8818
4.56257
18.5593
42.6635
40.4215
10.4998
11.4992
2.57692
9.16554
54.1748
7.38083
61.1276
27.2593
29.9991
13.7869
36.1444
8.43834
20.7596
12.3833
44.6581
49.4053
24.4193
17.8436
28.2902
49.424
33.1133
17.0226
44.6028
49.436
39.6728
5.22115
2.28295
52.2029
5.56452
18.6959
2.56912
14.3862
39.2731
13.8087
17.603
31.5437
1.70121
57.2842
11.0787
15.1331
44.9583
13.3704
18.3234
40.9534
20.0781
4.48911
16.4686
14.9822
3.90374
4.85382
11.717
7.10974
10.4488
4.59894
7.28317
7.63709
26.1407
43.877
13.0284
4.62517
15.455
17.8037
9.78639
4.97618
11.8867
20.4398
61.388
7.14653
41.2828
45.343
41.0088
10.4544
3.45588
17.4778
10.1807
4.94095
9.51827
14.8667
0.492935
17.0763
13.3395
45.1174
5.33572
8.97455
26.4646
13.5549
39.9346
11.1414
63.9613
9.63892
10.2478
8.74038
58.9205
37.3895
51.5417
35.7849
5.56988
45.8983
2.35647
42.3086
6.3586
11.6382
33.8349
10.9224
13.02
61.6396
3.62104
18.3358
9.94109
9.56112
47.1584
31.0884
24.8552
0.549867
61.8513
10.1332
11.1611
24.1051
14.5252
14.5538
5.38219
16.1079
33.692
15.1964
1.52211
0.0224977
27.4127
21.4197
0.887112
31.5671
10.4209
39.5033
0.552395
52.2471
11.3037
62.501
13.0064
31.9084
23.3085
10.699
7.824
58.9542
14.7073
2.21073
2.14033
16.8779
28.9366
62.0659
11.9763
30.0258
54.8421
4.55793
21.5425
13.9401
33.9505
61.2645
11.0868
62.3913
21.2532
22.0023
35.4719
25.5538
5.8446
0.960323
36.3625
12.1215
43.4696
53.6341
27.9001
25.4916
43.7905
18.3844
11.1213
18.3416
56.9982
5.56296
14.6612
11.3047
13.232
25.8694
41.8021
0.594615
24.4714
50.8145
5.45762
54.4361
11.424
16.26
62.7163
11.4197
8.856
60.8907
4.48418
28.4881
13.5836
37.2785
13.61
43.8105
12.5823
30.2879
11.1559
28.1737
5.5676
6.46581
45.8398
26.2093
17.7631
20.0529
51.525
29.7962
56.0058
63.7594
6.93056
20.0939
5.61111
10.523
62.0197
4.51382
56.87
1.04568
18.6705
58.8191
17.6281
16.3232
4.05913
4.22208
2.00632
11.1504
17.8527
40.7388
53.2748
8.24213
16.1818
44.8489
18.3404
51.9113
51.0725
43.6099
4.28773
60.5659
7.71598
12.5284
23.6232
14.6203
23.3948
13.6539
0.914694
12.1443
9.04919
52.4636
15.1447
9.69621
58.6089
8.82911
1.18994
42.9104
9.21894
2.81051
29.7814
18.6522
0.959182
6.7706
43.4358
63.122
58.4283
8.49432
7.26112
29.6084
35.1999
6.13015
22.2549
0.941366
3.3901
41.6055
24.5801
20.3261
10.2735
37.6346
0.915468
7.29136
5.6478
3.26557
21.4856
5.05202
6.90533
16.6129
13.5293
4.71376
17.6826
13.0795
55.8439
15.1858
11.8791
49.2392
61.36
7.77761
33.7199
59.2221
17.4218
36.6816
10.3342
2.32908
2.59265
39.075
11.3642
28.945
13.2608
54.9595
56.8599
11.0909
9.47616
4.79965
5.48533
2.04256
14.0955
26.5094
7.71361
9.68878
22.4285
32.78
17.8236
42.5383
43.9447
13.9118
5.6401
35.1568
59.9876
18.2044
9.73893
32.2794
36.4174
15.9284
8.30722
13.4303
11.1199
3.12121
16.2519
7.83975
11.7545
12.6641
63.8475
13.006
45.3105
13.4875
20.806
25.8433
23.9711
13.8425
47.3352
23.5988
16.6223
15.8065
16.242
0.604034
8.95758
14.3296
17.0112
13.6439
9.9094
18.4606
32.4897
52.7999
0.27718
56.9765
40.9007
59.744
41.6098
10.3029
30.2827
9.94301
43.9739
3.83853
39.6087
4.05087
4.89753
3.93315
37.6446
0.879752
3.05819
8.70302
19.9763
15.6703
34.1443
22.9817
19.389
1.58371
47.1776
12.2683
13.1458
0.695949
58.4755
21.4501
14.1253
14.027
35.891
6.69487
11.2224
39.5386
18.2171
61.97
0.308236
26.921
1.60019
37.9667
54.0444
16.686
55.0199
0.171414
11.8449
9.76758
35.6775
35.2249
16.8853
0.457723
30.1134
3.05483
60.9641
35.6038
10.7753
10.5642
62.9029
53.119
28.476
8.44321
40.25
18.9099
2.35223
57.9596
49.9756
3.96083
61.4721
17.2578
6.23678
10.8026
36.046
51.6275
15.0698
14.7822
33.1455
49.9872
16.1085
6.57837
4.4889
55.6005
38.2065
12.5744
4.93699
0.120847
16.3125
0.358806
0.410842
25.0628
33.1089
61.9631
6.4018
6.3349
1.83304
5.67081
22.0426
4.06729
9.1577
56.2851
9.15477
58.7323
22.5404
29.7418
7.01288
17.8888
10.3238
3.81064
11.4148
26.0336
1.74712
15.0218
3.19899
18.4547
2.72177
36.2485
55.002
17.5712
42.5935
13.1595
24.0265
3.35308
12.8281
2.99089
11.7921
41.5114
5.79446
16.516
51.4458
12.7755
14.0007
42.0665
43.6528
33.9692
55.0153
54.8545
15.1213
9.06363
14.976
26.6265
7.2817
1.4259
10.6372
2.73625
60.6267
10.0617
12.557
15.7356
11.703
28.4561
1.20811
18.1645
34.6197
18.0327
49.6112
47.0594
13.8052
60.6258
35.3149
16.4079
1.94034
40.2345
27.8431
40.3828
31.0355
2.7016
60.1992
5.29307
5.52961
18.7517
10.4613
2.2668
59.0479
32.4422
3.21504
11.6081
37.8612
41.2428
6.67801
32.2963
2.40756
63.8271
6.04616
9.16992
12.0336
32.2078
23.1807
16.4263
41.95
47.995
42.9604
11.7286
0.0435945
22.7428
46.4203
48.8325
12.6872
16.427
36.7737
47.155
0.663959
0.232133
18.3749
27.3418
23.697
15.2645
34.1971
0.319903
34.2363
41.1467
34.1266
29.9624
41.4085
8.62463
52.5291
3.56445
15.0429
3.68518
16.5283
8.59366
62.7301
54.907
21.5211
51.3592
28.0686
14.3313
6.18265
53.18
55.5327
5.18457
46.8527
5.99282
20.4804
32.293
31.0299
45.5365
14.0287
61.293
25.5591
27.0797
33.1776
17.3207
24.7824
54.1449
9.59052
15.175
6.13307
0.884927
11.7644
2.19045
9.16416
5.46558
11.151
1.63098
17.4796
13.5068
54.0527
2.31334
8.94378
24.4994
29.3956
10.0932
47.8983
41.0237
17.4745
11.4505
1.44048
8.82078
36.3146
2.20393
9.73439
20.1407
62.1127
11.1518
57.0735
4.01116
55.1764
28.5751
12.3536
37.7688
10.5984
5.12635
2.97701
17.2003
20.3769
56.0366
4.46299
36.6984
14.1451
16.575
19.7507
8.39986
5.90125
7.51015
47.8393
15.0499
53.0099
7.75919
36.0257
1.86252
5.60734
19.1804
27.0467
42.405
31.0301
27.8082
9.6331
14.4988
33.2737
15.2273
16.0441
55.8776
6.75975
50.2668
25.2344
2.369
53.1551
5.07071
61.2864
6.26285
11.6364
7.29535
36.4807
45.9254
7.73515
53.4069
17.4695
3.13734
42.7229
0.996514
15.0857
37.8318
13.2873
43.8695
8.59098
49.2892
14.4051
30.5581
44.7086
11.8646
11.7603
3.01431
11.275
3.07454
46.4051
33.8993
6.87254
21.242
6.96866
13.341
17.0722
43.9133
2.45968
4.04153
3.78855
14.314
0.0428963
43.4795
48.0526
16.9404
7.52086
1.58131
27.3413
37.1205
50.6245
15.1371
17.7502
61.9139
4.68841
11.5148
12.7651
13.5459
33.9548
17.154
31.4428
5.7242
27.272
14.8955
13.0784
18.9357
5.8555
11.0087
41.1219
18.0049
14.0847
9.52005
61.4684
14.9319
10.1345
56.1468
16.3289
14.1993
10.7632
8.18671
3.71603
0.981935
6.83756
11.0308
33.2841
33.1192
11.0131
5.30588
35.7336
13.2527
45.4378
55.7465
7.57395
38.186
9.49327
23.5381
15.8725
4.22076
10.2229
4.55467
52.5457
9.47417
52.192
46.0011
31.1932
9.9779
2.40551
9.97048
17.0314
14.1933
16.135
12.8827
5.65711
15.5237
27.6746
40.6279
0.582579
63.2314
57.5493
0.217735
4.36273
57.9647
12.5347
22.6309
48.9677
11.5676
59.6321
12.8827
15.691
14.1208
16.9783
20.1531
29.3635
31.6072
30.2434
37.0446
10.3861
17.7172
56.1148
2.39538
14.9447
13.7424
4.58236
9.17305
62.8235
41.9303
16.3672
6.44368
2.06628
60.2341
6.36412
4.30252
9.73635
30.6969
5.7006
11.8915
63.2358
18.9962
3.35945
2.76298
9.95175
42.2774
0.308441
54.618
12.9065
15.8889
18.9216
17.6737
14.5739
6.15352
22.7414
1.07571
11.9995
11.3743
32.3036
11.5519
5.25505
13.2004
0.834987
11.8496
37.8367
36.504
23.1212
7.43999
16.7699
55.265
17.4445
28.7855
4.89426
13.2059
28.7968
51.9001
44.4621
5.795
9.72108
57.7425
5.24055
5.08836
1.29646
5.18018
8.13402
47.3081
17.3827
3.31307
0.732568
1.14718
45.5277
13.1891
44.3911
53.5855
39.784
9.23259
10.5108
44.0459
58.7335
10.9343
9.0145
20.7906
51.3395
1.82493
12.0978
20.4891
5.79905
11.3102
48.8411
4.41756
26.09
60.1392
10.6572
0.0422769
4.37187
1.94199
4.70335
4.18913
3.64098
8.46791
19.3259
12.6153
63.1638
53.6669
6.46191
2.83311
53.9982
17.8823
2.19167
14.1345
5.59721
33.2055
11.2801
27.8579
8.71719
3.65239
41.6905
15.6407
29.8829
14.3343
2.30825
2.22569
11.7842
0.847939
9.4248
0.587529
54.0063
31.4793
18.6987
43.4762
10.0525
4.93389
33.4922
11.4199
32.8
20.0057
4.02946
54.4338
19.7775
51.9182
12.6424
13.9237
12.9073
10.299
7.5815
9.74064
13.0352
5.25736
6.2027
6.35976
12.9268
50.4071
4.8869
51.1402
17.9746
18.559
7.88791
9.40428
39.4153
31.4403
15.0675
1.90236
43.3775
22.2985
29.5003
6.72368
1.7473
10.3987
27.6716
3.53406
24.2736
3.10061
15.9191
11.7415
12.3114
2.16191
17.9282
14.0718
28.5068
16.479
63.1136
5.2312
59.6514
1.38131
12.406
45.1495
7.67998
57.4698
34.2406
13.3103
2.84751
1.62673
40.1368
48.8999
41.866
45.7072
2.61105
20.8504
14.275
17.7822
4.1663
59.3736
5.91791
9.77077
38.7611
21.6167
17.1051
7.5714
63.8848
16.0858
22.4636
17.95
0.705121
2.8489
49.1249
2.52218
8.40797
49.2238
13.2399
4.91826
3.2629
15.835
1.14922
60.9242
11.3442
42.7044
49.5285
33.2253
37.0683
60.2584
30.9817
7.87594
6.94914
54.2513
45.9677
12.4209
42.1256
4.78498
10.7097
43.9803
10.3911
18.9091
10.9724
57.4687
18.4385
21.2658
17.4931
16.1327
18.3721
18.3601
16.4572
7.3387
1.22292
6.98158
58.7745
1.67836
23.8327
1.76956
8.89785
56.3602
3.16307
41.8174
13.0762
56.0631
2.07613
62.4559
48.893
31.8258
17.676
18.5389
12.4837
33.1967
56.0134
36.9232
4.64998
11.666
13.9415
4.2356
7.25936
32.7983
35.3962
2.94647
63.0821
15.1571
7.79502
7.0976
15.8163
2.71047
8.82998
16.7522
22.3088
1.44498
2.81419
6.12336
17.6814
41.7792
42.3599
1.67458
46.459
3.69878
12.3609
48.6331
38.9609
15.7175
14.6948
31.0041
5.58398
1.95424
13.5281
6.97165
9.30547
15.3729
18.5519
4.01021
20.8555
11.62
8.93815
36.8726
4.58515
19.7995
12.1086
43.7172
17.3502
23.6248
61.8521
8.94224
9.90048
38.9549
2.69135
26.227
3.11689
4.43771
38.6083
18.2445
13.3369
54.8724
5.5424
15.6392
12.6517
5.21981
26.4418
13.4969
39.6946
10.5065
50.634
4.34416
40.4246
44.0138
47.6943
2.36666
25.1296
2.21658
56.8695
8.12078
4.48168
19.0751
0.0716669
4.52757
13.8753
1.72493
20.4118
51.3467
35.9777
44.6407
13.8352
23.8914
0.747852
24.965
50.1907
35.3125
0.770551
0.772847
45.8649
28.9537
0.603426
13.7685
48.0263
40.6366
18.1831
2.6307
16.8287
15.0245
58.3761
2.89523
11.5288
13.0276
11.1015
7.4071
11.5834
39.3201
3.62062
19.983
6.45217
50.8817
4.70671
3.58944
14.7483
27.247
10.7552
10.8345
12.5841
63.5057
29.9374
15.433
11.3612
16.2166
50.1863
12.776
15.128
13.9324
2.27001
0.422489
42.7498
18.8344
10.2813
59.092
23.2742
0.981653
43.5206
13.7542
7.05211
10.3431
40.7306
28.1901
11.4043
3.83613
39.6171
18.4345
28.9137
17.3189
2.23922
9.05094
6.44242
60.4506
48.8221
62.928
16.0058
4.76053
16.4901
9.07423
11.4698
61.2091
62.7929
1.94214
1.45854
21.8573
9.38907
2.96514
19.1878
60.6583
39.3586
24.8684
2.19644
14.8349
8.48897
44.5484
55.2966
14.2704
14.2386
7.45801
18.3692
16.8575
7.00139
4.23976
4.92084
34.6235
10.1152
30.0736
18.9434
8.59333
8.91562
33.2055
7.40107
11.5189
6.21315
39.6451
58.6235
40.5646
57.3006
14.7073
13.0911
47.0946
44.9715
17.7723
2.99887
14.8893
30.2856
44.5743
53.6936
18.9186
17.9483
42.5303
16.8834
17.3841
17.7702
35.9808
7.42635
2.9692
3.69229
13.4406
6.16068
13.5376
7.25251
3.14825
8.10062
6.02772
59.844
24.2459
12.7223
24.4844
18.9068
17.9009
12.1465
38.446
13.7494
16.756
8.90987
56.7709
10.7951
56.3789
23.8831
24.0733
2.70649
15.2252
4.94902
62.8532
14.1833
26.7809
0.763775
46.6902
16.9426
52.0305
15.072
16.3121
61.9216
34.219
7.24514
11.173
34.2383
0.317919
27.5876
0.024615
